5 15 7
5 16 7
6 30 14
6 30 15
6 30 16
6 30 22
6 31 14
6 31 15
6 31 16
6 31 17
6 32 14
6 32 15
6 32 16
6 33 14
6 33 15
7 60 28
7 60 29
7 60 30
7 60 31
7 60 32
7 60 33
7 60 34
7 60 35
7 60 36
7 60 37
7 60 38
7 60 39
7 60 43
7 60 44
7 60 45
7 60 50
7 61 28
7 61 29
7 61 30
7 61 31
7 61 32
7 61 33
7 61 34
7 61 37
7 61 44
7 61 45
7 62 28
7 62 29
7 62 30
7 62 31
7 62 32
7 62 33
7 62 34
7 62 35
7 62 36
7 62 45
7 63 28
7 63 29
7 63 30
7 63 31
7 63 32
7 63 33
7 63 34
7 63 35
7 64 28
7 64 29
7 64 30
7 64 31
7 64 32
7 64 33
7 64 34
7 64 35
7 64 36
7 64 37
7 64 38
7 64 39
7 64 40
7 65 28
7 65 29
7 65 30
7 65 31
7 65 32
7 65 33
7 65 34
7 65 39
7 65 40
7 66 28
7 66 29
7 66 30
7 66 31
7 66 32
7 66 33
7 67 28
7 67 29
7 67 30
7 67 31
7 67 32
7 68 28
7 68 29
7 69 28
7 70 49
7 70 50
7 70 51
7 73 51
7 74 51
7 75 51
8 120 56
8 120 57
8 120 58
8 120 59
8 120 60
8 120 61
8 120 62
8 120 63
8 120 64
8 120 65
8 120 66
8 120 68
8 120 69
8 120 70
8 120 71
8 120 72
8 120 73
8 120 74
8 120 75
8 120 76
8 120 77
8 120 78
8 120 79
8 120 80
8 120 86
8 120 87
8 120 88
8 120 89
8 120 90
8 120 91
8 120 92
8 120 93
8 120 94
8 120 95
8 120 96
8 120 97
8 120 98
8 120 99
8 120 100
8 120 101
8 120 102
8 120 103
8 121 56
8 121 57
8 121 58
8 121 59
8 121 60
8 121 61
8 121 62
8 121 63
8 121 64
8 121 65
8 121 66
8 121 69
8 121 70
8 121 71
8 121 72
8 121 73
8 121 74
8 121 75
8 121 76
8 121 78
8 121 79
8 121 86
8 121 87
8 121 88
8 121 89
8 121 90
8 121 91
8 121 92
8 121 100
8 121 101
8 122 56
8 122 57
8 122 58
8 122 59
8 122 60
8 122 61
8 122 62
8 122 63
8 122 64
8 122 65
8 122 66
8 122 67
8 122 72
8 122 73
8 122 74
8 122 75
8 122 79
8 122 85
8 122 86
8 122 87
8 122 88
8 122 89
8 122 90
8 122 91
8 122 92
8 122 100
8 122 101
8 123 56
8 123 57
8 123 58
8 123 59
8 123 60
8 123 61
8 123 62
8 123 63
8 123 64
8 123 65
8 123 66
8 123 67
8 123 68
8 123 73
8 123 74
8 123 75
8 123 85
8 123 87
8 123 88
8 123 89
8 123 90
8 123 91
8 123 92
8 124 56
8 124 57
8 124 58
8 124 59
8 124 60
8 124 61
8 124 62
8 124 63
8 124 64
8 124 65
8 124 66
8 124 67
8 124 68
8 124 71
8 124 72
8 124 73
8 124 74
8 124 75
8 124 87
8 124 90
8 124 91
8 124 92
8 125 56
8 125 57
8 125 58
8 125 59
8 125 60
8 125 61
8 125 62
8 125 63
8 125 64
8 125 65
8 125 66
8 125 67
8 125 68
8 125 69
8 125 72
8 125 73
8 125 74
8 125 87
8 125 90
8 125 91
8 125 92
8 125 100
8 126 56
8 126 57
8 126 58
8 126 59
8 126 60
8 126 61
8 126 62
8 126 63
8 126 64
8 126 65
8 126 66
8 126 67
8 126 68
8 126 69
8 126 70
8 126 76
8 126 91
8 126 100
8 127 56
8 127 57
8 127 58
8 127 59
8 127 60
8 127 61
8 127 62
8 127 63
8 127 64
8 127 65
8 127 66
8 127 67
8 127 68
8 127 69
8 127 70
8 127 71
8 127 78
8 127 79
8 128 56
8 128 57
8 128 58
8 128 59
8 128 60
8 128 61
8 128 62
8 128 63
8 128 64
8 128 65
8 128 66
8 128 67
8 128 68
8 128 69
8 128 70
8 128 71
8 128 72
8 128 73
8 128 74
8 128 75
8 128 76
8 128 77
8 128 78
8 128 79
8 128 80
8 128 81
8 128 99
8 129 56
8 129 57
8 129 58
8 129 59
8 129 60
8 129 61
8 129 62
8 129 63
8 129 64
8 129 65
8 129 66
8 129 67
8 129 68
8 129 69
8 129 70
8 129 71
8 129 72
8 129 73
8 129 74
8 129 75
8 129 76
8 129 77
8 129 78
8 129 79
8 129 80
8 129 81
8 129 82
8 130 56
8 130 57
8 130 58
8 130 59
8 130 60
8 130 61
8 130 62
8 130 63
8 130 64
8 130 65
8 130 66
8 130 67
8 130 68
8 130 69
8 130 70
8 130 71
8 130 72
8 130 73
8 130 74
8 130 75
8 130 76
8 130 77
8 130 78
8 130 79
8 130 80
8 130 81
8 130 82
8 130 83
8 130 98
8 131 56
8 131 57
8 131 58
8 131 59
8 131 60
8 131 61
8 131 62
8 131 63
8 131 64
8 131 65
8 131 66
8 131 67
8 131 68
8 131 69
8 131 77
8 131 78
8 131 79
8 131 80
8 131 81
8 131 94
8 131 95
8 131 98
8 132 56
8 132 57
8 132 58
8 132 59
8 132 60
8 132 61
8 132 62
8 132 63
8 132 64
8 132 65
8 132 66
8 132 67
8 132 68
8 132 78
8 132 79
8 132 80
8 132 81
8 132 95
8 132 96
8 132 97
8 132 98
8 133 56
8 133 57
8 133 58
8 133 59
8 133 60
8 133 61
8 133 62
8 133 63
8 133 64
8 133 65
8 133 66
8 133 67
8 133 94
8 133 98
8 134 56
8 134 57
8 134 58
8 134 59
8 134 60
8 134 61
8 134 62
8 134 63
8 134 64
8 134 65
8 134 66
8 134 67
8 135 56
8 135 57
8 135 58
8 135 59
8 135 60
8 135 61
8 135 62
8 135 63
8 135 64
8 135 65
8 135 96
8 136 56
8 136 57
8 136 58
8 136 59
8 136 60
8 136 96
8 137 56
8 137 57
8 137 58
8 137 59
8 137 100
8 137 101
8 137 102
8 138 56
8 138 57
8 138 58
8 138 97
8 138 101
8 138 102
8 139 56
8 139 57
8 139 100
8 139 101
8 139 102
8 139 103
8 140 56
8 140 79
8 140 98
8 140 99
8 140 100
8 140 101
8 140 102
8 140 103
8 141 71
8 141 72
8 141 79
8 141 98
8 141 99
8 141 100
8 141 101
8 141 102
8 141 103
8 142 71
8 142 72
8 142 75
8 142 77
8 142 100
8 142 101
8 142 102
8 143 101
8 143 102
8 144 66
8 144 102
8 145 102
8 146 102
8 146 103
8 147 102
8 147 103
8 148 101
8 148 102
8 148 103
8 149 101
8 149 102
8 149 103
8 150 93
8 150 94
8 150 102
8 150 103
8 151 56
8 151 94
8 151 102
8 151 103
9 240 112
9 240 113
9 240 114
9 240 115
9 240 116
9 240 117
9 240 118
9 240 119
9 240 120
9 240 121
9 240 122
9 240 123
9 240 124
9 240 125
9 240 126
9 240 127
9 240 128
9 240 129
9 240 130
9 240 131
9 240 132
9 240 133
9 240 134
9 240 135
9 240 136
9 240 137
9 240 138
9 240 139
9 240 140
9 240 141
9 240 142
9 240 143
9 240 144
9 240 145
9 240 146
9 240 147
9 240 148
9 240 149
9 240 150
9 240 151
9 240 152
9 240 153
9 240 154
9 240 155
9 240 156
9 240 157
9 240 158
9 240 159
9 240 160
9 240 161
9 240 162
9 240 163
9 240 164
9 240 165
9 240 166
9 240 167
9 240 169
9 240 170
9 240 171
9 240 172
9 240 173
9 240 174
9 240 175
9 240 176
9 240 177
9 240 178
9 240 179
9 240 180
9 240 181
9 240 182
9 240 183
9 240 184
9 240 185
9 240 186
9 240 187
9 240 188
9 240 189
9 240 190
9 240 191
9 240 192
9 240 193
9 240 194
9 240 195
9 240 196
9 240 197
9 240 198
9 240 199
9 240 200
9 240 201
9 240 202
9 240 203
9 240 204
9 240 205
9 240 206
9 240 207
9 241 112
9 241 113
9 241 114
9 241 115
9 241 116
9 241 117
9 241 118
9 241 119
9 241 120
9 241 121
9 241 122
9 241 123
9 241 124
9 241 125
9 241 126
9 241 127
9 241 128
9 241 129
9 241 130
9 241 131
9 241 132
9 241 133
9 241 134
9 241 135
9 241 136
9 241 137
9 241 138
9 241 139
9 241 140
9 241 141
9 241 142
9 241 143
9 241 144
9 241 145
9 241 146
9 241 147
9 241 148
9 241 149
9 241 150
9 241 151
9 241 152
9 241 153
9 241 154
9 241 155
9 241 156
9 241 157
9 241 158
9 241 159
9 241 160
9 241 161
9 241 162
9 241 171
9 241 172
9 241 173
9 241 174
9 241 175
9 241 176
9 241 177
9 241 178
9 241 179
9 241 180
9 241 181
9 241 182
9 241 183
9 241 184
9 241 185
9 241 186
9 241 187
9 241 188
9 241 189
9 241 190
9 241 191
9 241 192
9 241 193
9 241 194
9 241 195
9 241 196
9 241 197
9 241 198
9 241 199
9 241 200
9 241 201
9 241 202
9 241 203
9 241 204
9 241 205
9 241 206
9 241 207
9 242 112
9 242 113
9 242 114
9 242 115
9 242 116
9 242 117
9 242 118
9 242 119
9 242 120
9 242 121
9 242 122
9 242 123
9 242 124
9 242 125
9 242 126
9 242 127
9 242 128
9 242 129
9 242 130
9 242 131
9 242 132
9 242 133
9 242 134
9 242 135
9 242 136
9 242 137
9 242 138
9 242 139
9 242 140
9 242 141
9 242 142
9 242 143
9 242 144
9 242 145
9 242 146
9 242 147
9 242 148
9 242 149
9 242 150
9 242 151
9 242 152
9 242 153
9 242 154
9 242 155
9 242 156
9 242 157
9 242 158
9 242 159
9 242 160
9 242 161
9 242 162
9 242 171
9 242 172
9 242 173
9 242 174
9 242 175
9 242 176
9 242 177
9 242 178
9 242 179
9 242 180
9 242 181
9 242 182
9 242 183
9 242 184
9 242 185
9 242 186
9 242 189
9 242 190
9 242 191
9 242 192
9 242 193
9 242 197
9 242 198
9 242 199
9 242 200
9 242 201
9 242 202
9 242 203
9 242 204
9 242 205
9 243 112
9 243 113
9 243 114
9 243 115
9 243 116
9 243 117
9 243 118
9 243 119
9 243 120
9 243 121
9 243 122
9 243 123
9 243 124
9 243 125
9 243 126
9 243 127
9 243 128
9 243 129
9 243 130
9 243 131
9 243 132
9 243 133
9 243 134
9 243 135
9 243 136
9 243 137
9 243 138
9 243 139
9 243 140
9 243 141
9 243 142
9 243 143
9 243 144
9 243 145
9 243 146
9 243 147
9 243 148
9 243 149
9 243 150
9 243 151
9 243 152
9 243 153
9 243 155
9 243 156
9 243 157
9 243 158
9 243 159
9 243 160
9 243 171
9 243 172
9 243 173
9 243 174
9 243 175
9 243 176
9 243 177
9 243 178
9 243 179
9 243 180
9 243 181
9 243 182
9 243 183
9 243 184
9 243 185
9 243 186
9 243 200
9 243 201
9 243 202
9 243 203
9 243 204
9 244 112
9 244 113
9 244 114
9 244 115
9 244 116
9 244 117
9 244 118
9 244 119
9 244 120
9 244 121
9 244 122
9 244 123
9 244 124
9 244 125
9 244 126
9 244 127
9 244 128
9 244 129
9 244 130
9 244 131
9 244 132
9 244 133
9 244 134
9 244 135
9 244 136
9 244 137
9 244 138
9 244 139
9 244 140
9 244 141
9 244 142
9 244 143
9 244 144
9 244 145
9 244 146
9 244 147
9 244 148
9 244 149
9 244 150
9 244 151
9 244 152
9 244 153
9 244 154
9 244 155
9 244 156
9 244 157
9 244 158
9 244 159
9 244 160
9 244 170
9 244 171
9 244 172
9 244 173
9 244 174
9 244 175
9 244 176
9 244 177
9 244 178
9 244 179
9 244 180
9 244 181
9 244 182
9 244 183
9 244 184
9 244 185
9 244 200
9 244 201
9 244 202
9 244 203
9 244 204
9 245 112
9 245 113
9 245 114
9 245 115
9 245 116
9 245 117
9 245 118
9 245 119
9 245 120
9 245 121
9 245 122
9 245 123
9 245 124
9 245 125
9 245 126
9 245 127
9 245 128
9 245 129
9 245 130
9 245 131
9 245 132
9 245 133
9 245 134
9 245 135
9 245 136
9 245 137
9 245 138
9 245 139
9 245 140
9 245 143
9 245 144
9 245 145
9 245 146
9 245 147
9 245 148
9 245 149
9 245 150
9 245 151
9 245 152
9 245 158
9 245 159
9 245 170
9 245 171
9 245 172
9 245 173
9 245 174
9 245 175
9 245 176
9 245 177
9 245 178
9 245 179
9 245 180
9 245 181
9 245 182
9 245 183
9 245 184
9 245 185
9 245 200
9 245 201
9 245 202
9 245 203
9 246 112
9 246 113
9 246 114
9 246 115
9 246 116
9 246 117
9 246 118
9 246 119
9 246 120
9 246 121
9 246 122
9 246 123
9 246 124
9 246 125
9 246 126
9 246 127
9 246 128
9 246 129
9 246 130
9 246 131
9 246 132
9 246 133
9 246 134
9 246 135
9 246 136
9 246 137
9 246 138
9 246 139
9 246 140
9 246 145
9 246 146
9 246 147
9 246 148
9 246 149
9 246 150
9 246 151
9 246 169
9 246 170
9 246 171
9 246 172
9 246 174
9 246 175
9 246 176
9 246 177
9 246 178
9 246 179
9 246 180
9 246 181
9 246 182
9 246 183
9 246 184
9 246 185
9 246 200
9 246 201
9 246 202
9 247 112
9 247 113
9 247 114
9 247 115
9 247 116
9 247 117
9 247 118
9 247 119
9 247 120
9 247 121
9 247 122
9 247 123
9 247 124
9 247 125
9 247 126
9 247 127
9 247 128
9 247 129
9 247 130
9 247 131
9 247 132
9 247 133
9 247 134
9 247 135
9 247 136
9 247 137
9 247 138
9 247 139
9 247 140
9 247 143
9 247 144
9 247 145
9 247 146
9 247 147
9 247 148
9 247 149
9 247 150
9 247 151
9 247 169
9 247 170
9 247 171
9 247 172
9 247 174
9 247 175
9 247 176
9 247 177
9 247 178
9 247 179
9 247 180
9 247 181
9 247 182
9 247 183
9 247 184
9 247 185
9 248 112
9 248 113
9 248 114
9 248 115
9 248 116
9 248 117
9 248 118
9 248 119
9 248 120
9 248 121
9 248 122
9 248 123
9 248 124
9 248 125
9 248 126
9 248 127
9 248 128
9 248 129
9 248 130
9 248 131
9 248 132
9 248 133
9 248 134
9 248 135
9 248 136
9 248 137
9 248 138
9 248 139
9 248 140
9 248 141
9 248 142
9 248 143
9 248 144
9 248 145
9 248 146
9 248 147
9 248 148
9 248 149
9 248 150
9 248 151
9 248 164
9 248 165
9 248 166
9 248 167
9 248 168
9 248 171
9 248 174
9 248 175
9 248 178
9 248 179
9 248 180
9 248 181
9 248 182
9 248 183
9 248 184
9 248 185
9 248 186
9 249 112
9 249 113
9 249 114
9 249 115
9 249 116
9 249 117
9 249 118
9 249 119
9 249 120
9 249 121
9 249 122
9 249 123
9 249 124
9 249 125
9 249 126
9 249 127
9 249 128
9 249 129
9 249 130
9 249 131
9 249 132
9 249 133
9 249 134
9 249 135
9 249 136
9 249 137
9 249 138
9 249 139
9 249 140
9 249 141
9 249 142
9 249 143
9 249 144
9 249 145
9 249 146
9 249 147
9 249 148
9 249 149
9 249 150
9 249 151
9 249 174
9 249 175
9 249 179
9 249 180
9 249 181
9 249 182
9 249 183
9 249 184
9 249 185
9 249 186
9 249 201
9 250 112
9 250 113
9 250 114
9 250 115
9 250 116
9 250 117
9 250 118
9 250 119
9 250 120
9 250 121
9 250 122
9 250 123
9 250 124
9 250 125
9 250 126
9 250 127
9 250 128
9 250 129
9 250 130
9 250 131
9 250 132
9 250 133
9 250 134
9 250 135
9 250 136
9 250 137
9 250 138
9 250 139
9 250 140
9 250 141
9 250 142
9 250 143
9 250 144
9 250 145
9 250 146
9 250 147
9 250 148
9 250 149
9 250 150
9 250 151
9 250 164
9 250 174
9 250 175
9 250 179
9 250 180
9 250 181
9 250 182
9 250 183
9 250 184
9 250 185
9 250 186
9 250 200
9 250 201
9 251 112
9 251 113
9 251 114
9 251 115
9 251 116
9 251 117
9 251 118
9 251 119
9 251 120
9 251 121
9 251 122
9 251 123
9 251 124
9 251 125
9 251 126
9 251 127
9 251 128
9 251 129
9 251 130
9 251 131
9 251 132
9 251 133
9 251 134
9 251 135
9 251 136
9 251 137
9 251 138
9 251 139
9 251 140
9 251 141
9 251 142
9 251 143
9 251 144
9 251 145
9 251 146
9 251 147
9 251 148
9 251 149
9 251 173
9 251 174
9 251 175
9 251 180
9 251 181
9 251 182
9 251 183
9 251 184
9 251 185
9 251 186
9 251 200
9 251 201
9 252 112
9 252 113
9 252 114
9 252 115
9 252 116
9 252 117
9 252 118
9 252 119
9 252 120
9 252 121
9 252 122
9 252 123
9 252 124
9 252 125
9 252 126
9 252 127
9 252 128
9 252 129
9 252 130
9 252 131
9 252 132
9 252 133
9 252 134
9 252 135
9 252 136
9 252 137
9 252 138
9 252 139
9 252 140
9 252 141
9 252 142
9 252 143
9 252 144
9 252 145
9 252 146
9 252 147
9 252 148
9 252 152
9 252 153
9 252 154
9 252 173
9 252 181
9 252 182
9 252 183
9 252 184
9 252 185
9 252 186
9 252 200
9 252 201
9 253 112
9 253 113
9 253 114
9 253 115
9 253 116
9 253 117
9 253 118
9 253 119
9 253 120
9 253 121
9 253 122
9 253 123
9 253 124
9 253 125
9 253 126
9 253 127
9 253 128
9 253 129
9 253 130
9 253 131
9 253 132
9 253 133
9 253 134
9 253 135
9 253 136
9 253 137
9 253 138
9 253 139
9 253 140
9 253 141
9 253 142
9 253 143
9 253 144
9 253 145
9 253 151
9 253 152
9 253 153
9 253 157
9 253 158
9 253 173
9 253 182
9 253 183
9 253 184
9 253 185
9 253 200
9 253 201
9 254 112
9 254 113
9 254 114
9 254 115
9 254 116
9 254 117
9 254 118
9 254 119
9 254 120
9 254 121
9 254 122
9 254 123
9 254 124
9 254 125
9 254 126
9 254 127
9 254 128
9 254 129
9 254 130
9 254 131
9 254 132
9 254 133
9 254 134
9 254 135
9 254 136
9 254 137
9 254 138
9 254 139
9 254 140
9 254 141
9 254 142
9 254 143
9 254 144
9 254 145
9 254 150
9 254 151
9 254 152
9 254 153
9 254 154
9 254 155
9 254 156
9 254 157
9 254 158
9 254 159
9 254 160
9 254 173
9 254 199
9 254 200
9 255 112
9 255 113
9 255 114
9 255 115
9 255 116
9 255 117
9 255 118
9 255 119
9 255 120
9 255 121
9 255 122
9 255 123
9 255 124
9 255 125
9 255 126
9 255 127
9 255 128
9 255 129
9 255 130
9 255 131
9 255 132
9 255 133
9 255 134
9 255 135
9 255 136
9 255 137
9 255 138
9 255 139
9 255 140
9 255 141
9 255 142
9 255 143
9 255 144
9 255 145
9 255 146
9 255 147
9 255 148
9 255 149
9 255 150
9 255 151
9 255 152
9 255 153
9 255 154
9 255 155
9 255 156
9 255 157
9 255 158
9 255 159
9 255 160
9 255 161
9 255 162
9 255 172
9 255 173
9 255 174
9 255 198
9 255 199
9 255 200
9 256 112
9 256 113
9 256 114
9 256 115
9 256 116
9 256 117
9 256 118
9 256 119
9 256 120
9 256 121
9 256 122
9 256 123
9 256 124
9 256 125
9 256 126
9 256 127
9 256 128
9 256 129
9 256 130
9 256 131
9 256 132
9 256 133
9 256 134
9 256 135
9 256 136
9 256 137
9 256 138
9 256 139
9 256 140
9 256 141
9 256 142
9 256 143
9 256 144
9 256 145
9 256 146
9 256 147
9 256 148
9 256 149
9 256 150
9 256 151
9 256 152
9 256 153
9 256 154
9 256 155
9 256 156
9 256 157
9 256 158
9 256 159
9 256 160
9 256 161
9 256 162
9 256 163
9 256 164
9 256 172
9 256 194
9 256 197
9 256 198
9 256 199
9 257 112
9 257 113
9 257 114
9 257 115
9 257 116
9 257 117
9 257 118
9 257 119
9 257 120
9 257 121
9 257 122
9 257 123
9 257 124
9 257 125
9 257 126
9 257 127
9 257 128
9 257 129
9 257 130
9 257 131
9 257 132
9 257 133
9 257 134
9 257 135
9 257 136
9 257 137
9 257 138
9 257 139
9 257 140
9 257 141
9 257 142
9 257 143
9 257 144
9 257 145
9 257 146
9 257 147
9 257 148
9 257 149
9 257 150
9 257 151
9 257 152
9 257 153
9 257 154
9 257 155
9 257 156
9 257 157
9 257 158
9 257 159
9 257 160
9 257 161
9 257 162
9 257 163
9 257 164
9 257 165
9 257 172
9 257 193
9 257 194
9 257 197
9 257 198
9 257 199
9 257 207
9 258 112
9 258 113
9 258 114
9 258 115
9 258 116
9 258 117
9 258 118
9 258 119
9 258 120
9 258 121
9 258 122
9 258 123
9 258 124
9 258 125
9 258 126
9 258 127
9 258 128
9 258 129
9 258 130
9 258 131
9 258 132
9 258 133
9 258 134
9 258 135
9 258 136
9 258 137
9 258 138
9 258 139
9 258 140
9 258 141
9 258 142
9 258 143
9 258 144
9 258 145
9 258 146
9 258 147
9 258 148
9 258 149
9 258 150
9 258 151
9 258 152
9 258 153
9 258 154
9 258 155
9 258 156
9 258 157
9 258 158
9 258 159
9 258 160
9 258 161
9 258 162
9 258 163
9 258 164
9 258 165
9 258 166
9 258 192
9 258 193
9 258 194
9 258 197
9 258 198
9 258 199
9 259 112
9 259 113
9 259 114
9 259 115
9 259 116
9 259 117
9 259 118
9 259 119
9 259 120
9 259 121
9 259 122
9 259 123
9 259 124
9 259 125
9 259 126
9 259 127
9 259 128
9 259 129
9 259 130
9 259 131
9 259 132
9 259 133
9 259 134
9 259 135
9 259 136
9 259 137
9 259 138
9 259 139
9 259 140
9 259 141
9 259 142
9 259 143
9 259 144
9 259 145
9 259 146
9 259 147
9 259 148
9 259 149
9 259 150
9 259 151
9 259 152
9 259 153
9 259 154
9 259 155
9 259 156
9 259 157
9 259 158
9 259 159
9 259 160
9 259 161
9 259 162
9 259 163
9 259 164
9 259 165
9 259 166
9 259 167
9 259 168
9 259 169
9 259 192
9 259 193
9 259 195
9 259 196
9 259 197
9 259 198
9 260 112
9 260 113
9 260 114
9 260 115
9 260 116
9 260 117
9 260 118
9 260 119
9 260 120
9 260 121
9 260 122
9 260 123
9 260 124
9 260 125
9 260 126
9 260 127
9 260 128
9 260 129
9 260 130
9 260 131
9 260 132
9 260 133
9 260 134
9 260 135
9 260 136
9 260 137
9 260 138
9 260 139
9 260 140
9 260 141
9 260 142
9 260 143
9 260 144
9 260 145
9 260 146
9 260 147
9 260 148
9 260 149
9 260 150
9 260 151
9 260 152
9 260 153
9 260 154
9 260 155
9 260 156
9 260 157
9 260 158
9 260 159
9 260 160
9 260 161
9 260 162
9 260 163
9 260 164
9 260 165
9 260 166
9 260 167
9 260 168
9 260 169
9 260 191
9 260 192
9 260 196
9 260 197
9 260 198
9 261 112
9 261 113
9 261 114
9 261 115
9 261 116
9 261 117
9 261 118
9 261 119
9 261 120
9 261 121
9 261 122
9 261 123
9 261 124
9 261 125
9 261 126
9 261 127
9 261 128
9 261 129
9 261 130
9 261 131
9 261 132
9 261 133
9 261 134
9 261 135
9 261 136
9 261 137
9 261 138
9 261 139
9 261 140
9 261 141
9 261 142
9 261 143
9 261 144
9 261 145
9 261 146
9 261 147
9 261 148
9 261 149
9 261 150
9 261 151
9 261 152
9 261 153
9 261 154
9 261 155
9 261 156
9 261 157
9 261 158
9 261 159
9 261 160
9 261 161
9 261 162
9 261 163
9 261 164
9 261 165
9 261 166
9 261 167
9 261 188
9 261 189
9 261 190
9 261 191
9 261 192
9 261 195
9 261 196
9 261 197
9 261 198
9 262 112
9 262 113
9 262 114
9 262 115
9 262 116
9 262 117
9 262 118
9 262 119
9 262 120
9 262 121
9 262 122
9 262 123
9 262 124
9 262 125
9 262 126
9 262 127
9 262 128
9 262 129
9 262 130
9 262 131
9 262 132
9 262 133
9 262 134
9 262 135
9 262 136
9 262 137
9 262 138
9 262 139
9 262 140
9 262 141
9 262 142
9 262 148
9 262 149
9 262 151
9 262 152
9 262 153
9 262 154
9 262 155
9 262 156
9 262 157
9 262 158
9 262 159
9 262 160
9 262 161
9 262 162
9 262 163
9 262 164
9 262 165
9 262 188
9 262 189
9 262 190
9 262 191
9 262 192
9 262 195
9 262 196
9 262 197
9 262 198
9 263 112
9 263 113
9 263 114
9 263 115
9 263 116
9 263 117
9 263 118
9 263 119
9 263 120
9 263 121
9 263 122
9 263 123
9 263 124
9 263 125
9 263 126
9 263 127
9 263 128
9 263 129
9 263 130
9 263 131
9 263 132
9 263 133
9 263 134
9 263 135
9 263 136
9 263 137
9 263 138
9 263 139
9 263 140
9 263 153
9 263 154
9 263 155
9 263 156
9 263 157
9 263 158
9 263 159
9 263 160
9 263 161
9 263 162
9 263 163
9 263 164
9 263 188
9 263 189
9 263 190
9 263 191
9 263 192
9 263 193
9 263 194
9 263 195
9 263 196
9 263 197
9 263 198
9 264 112
9 264 113
9 264 114
9 264 115
9 264 116
9 264 117
9 264 118
9 264 119
9 264 120
9 264 121
9 264 122
9 264 123
9 264 124
9 264 125
9 264 126
9 264 127
9 264 128
9 264 129
9 264 130
9 264 131
9 264 132
9 264 133
9 264 134
9 264 135
9 264 136
9 264 137
9 264 138
9 264 139
9 264 154
9 264 155
9 264 156
9 264 157
9 264 158
9 264 159
9 264 160
9 264 161
9 264 162
9 264 163
9 264 164
9 264 189
9 264 190
9 264 191
9 264 192
9 264 193
9 264 194
9 264 195
9 264 196
9 264 197
9 264 198
9 265 112
9 265 113
9 265 114
9 265 115
9 265 116
9 265 117
9 265 118
9 265 119
9 265 120
9 265 121
9 265 122
9 265 123
9 265 124
9 265 125
9 265 126
9 265 127
9 265 128
9 265 129
9 265 130
9 265 131
9 265 132
9 265 133
9 265 134
9 265 135
9 265 136
9 265 137
9 265 138
9 265 155
9 265 156
9 265 157
9 265 158
9 265 159
9 265 160
9 265 161
9 265 162
9 265 163
9 265 164
9 265 189
9 265 190
9 265 191
9 265 192
9 265 193
9 265 194
9 265 195
9 265 196
9 265 197
9 265 198
9 266 112
9 266 113
9 266 114
9 266 115
9 266 116
9 266 117
9 266 118
9 266 119
9 266 120
9 266 121
9 266 122
9 266 123
9 266 124
9 266 125
9 266 126
9 266 127
9 266 128
9 266 129
9 266 130
9 266 131
9 266 132
9 266 133
9 266 134
9 266 135
9 266 136
9 266 137
9 266 138
9 266 155
9 266 156
9 266 157
9 266 158
9 266 159
9 266 160
9 266 161
9 266 162
9 266 163
9 266 188
9 266 189
9 266 190
9 266 191
9 266 192
9 266 193
9 266 194
9 266 195
9 266 196
9 266 197
9 266 198
9 267 112
9 267 113
9 267 114
9 267 115
9 267 116
9 267 117
9 267 118
9 267 119
9 267 120
9 267 121
9 267 122
9 267 123
9 267 124
9 267 125
9 267 126
9 267 127
9 267 128
9 267 129
9 267 130
9 267 131
9 267 132
9 267 133
9 267 134
9 267 135
9 267 136
9 267 155
9 267 187
9 267 188
9 267 189
9 267 190
9 267 196
9 267 197
9 267 198
9 268 112
9 268 113
9 268 114
9 268 115
9 268 116
9 268 117
9 268 118
9 268 119
9 268 120
9 268 121
9 268 122
9 268 123
9 268 124
9 268 125
9 268 126
9 268 127
9 268 128
9 268 129
9 268 130
9 268 131
9 268 132
9 268 133
9 268 134
9 268 135
9 268 154
9 268 155
9 268 186
9 268 187
9 268 196
9 268 197
9 269 112
9 269 113
9 269 114
9 269 115
9 269 116
9 269 117
9 269 118
9 269 119
9 269 120
9 269 121
9 269 122
9 269 123
9 269 124
9 269 125
9 269 126
9 269 127
9 269 128
9 269 129
9 269 130
9 269 131
9 269 132
9 269 133
9 269 134
9 269 135
9 269 153
9 269 154
9 269 187
9 269 196
9 269 197
9 270 112
9 270 113
9 270 114
9 270 115
9 270 116
9 270 117
9 270 118
9 270 119
9 270 120
9 270 121
9 270 122
9 270 123
9 270 124
9 270 125
9 270 126
9 270 127
9 270 128
9 270 129
9 270 130
9 270 131
9 270 132
9 270 133
9 270 134
9 270 152
9 270 153
9 270 190
9 270 191
9 270 192
9 270 193
9 270 194
9 270 195
9 270 196
9 270 197
9 271 112
9 271 113
9 271 114
9 271 115
9 271 116
9 271 117
9 271 118
9 271 119
9 271 120
9 271 121
9 271 122
9 271 123
9 271 124
9 271 125
9 271 126
9 271 127
9 271 128
9 271 129
9 271 130
9 271 131
9 271 132
9 271 157
9 271 190
9 271 191
9 271 192
9 271 193
9 271 194
9 271 195
9 271 196
9 271 197
9 271 198
9 272 112
9 272 113
9 272 114
9 272 115
9 272 116
9 272 117
9 272 118
9 272 119
9 272 120
9 272 121
9 272 122
9 272 123
9 272 125
9 272 126
9 272 127
9 272 128
9 272 156
9 272 158
9 272 191
9 272 192
9 272 193
9 272 194
9 272 195
9 272 196
9 272 197
9 272 198
9 272 200
9 272 201
9 272 202
9 272 204
9 273 112
9 273 113
9 273 114
9 273 115
9 273 116
9 273 117
9 273 118
9 273 119
9 273 120
9 273 121
9 273 122
9 273 125
9 273 126
9 273 192
9 273 193
9 273 194
9 273 195
9 273 196
9 273 200
9 273 202
9 273 203
9 273 204
9 273 205
9 274 112
9 274 113
9 274 114
9 274 115
9 274 116
9 274 117
9 274 118
9 274 119
9 274 120
9 274 124
9 274 125
9 274 184
9 274 185
9 274 193
9 274 194
9 274 195
9 274 199
9 274 200
9 274 202
9 274 203
9 274 204
9 274 205
9 275 112
9 275 113
9 275 114
9 275 115
9 275 116
9 275 117
9 275 118
9 275 119
9 275 120
9 275 123
9 275 185
9 275 193
9 275 194
9 275 195
9 275 196
9 275 200
9 275 201
9 275 202
9 275 203
9 275 204
9 275 205
9 276 112
9 276 113
9 276 114
9 276 115
9 276 116
9 276 117
9 276 118
9 276 122
9 276 162
9 276 163
9 276 186
9 276 187
9 276 193
9 276 194
9 276 195
9 276 202
9 276 203
9 276 204
9 276 205
9 277 112
9 277 113
9 277 114
9 277 115
9 277 116
9 277 117
9 277 160
9 277 162
9 277 187
9 277 188
9 277 194
9 277 195
9 277 200
9 277 201
9 277 202
9 277 203
9 277 204
9 277 205
9 277 206
9 278 112
9 278 113
9 278 114
9 278 115
9 278 116
9 278 160
9 278 161
9 278 162
9 278 198
9 278 199
9 278 200
9 278 201
9 278 202
9 278 203
9 278 204
9 278 205
9 278 206
9 278 207
9 279 112
9 279 113
9 279 114
9 279 115
9 279 116
9 279 159
9 279 160
9 279 161
9 279 189
9 279 198
9 279 199
9 279 200
9 279 201
9 279 202
9 279 203
9 279 204
9 279 205
9 279 206
9 279 207
9 280 112
9 280 113
9 280 114
9 280 115
9 280 154
9 280 158
9 280 159
9 280 160
9 280 161
9 280 189
9 280 190
9 280 196
9 280 197
9 280 198
9 280 199
9 280 200
9 280 201
9 280 202
9 280 203
9 280 204
9 280 205
9 280 206
9 280 207
9 281 112
9 281 113
9 281 114
9 281 143
9 281 144
9 281 145
9 281 153
9 281 154
9 281 158
9 281 159
9 281 160
9 281 161
9 281 190
9 281 191
9 281 195
9 281 196
9 281 197
9 281 198
9 281 199
9 281 200
9 281 201
9 281 202
9 281 203
9 281 204
9 281 205
9 281 206
9 281 207
9 282 112
9 282 141
9 282 142
9 282 143
9 282 144
9 282 145
9 282 146
9 282 152
9 282 153
9 282 158
9 282 159
9 282 160
9 282 161
9 282 190
9 282 191
9 282 192
9 282 195
9 282 196
9 282 197
9 282 198
9 282 199
9 282 200
9 282 201
9 282 202
9 282 203
9 282 204
9 282 205
9 282 206
9 282 207
9 283 112
9 283 140
9 283 141
9 283 142
9 283 143
9 283 144
9 283 145
9 283 146
9 283 151
9 283 152
9 283 155
9 283 156
9 283 157
9 283 158
9 283 159
9 283 160
9 283 161
9 283 162
9 283 195
9 283 196
9 283 197
9 283 198
9 283 199
9 283 200
9 283 201
9 283 202
9 283 203
9 283 204
9 283 205
9 283 206
9 283 207
9 284 112
9 284 139
9 284 140
9 284 141
9 284 142
9 284 143
9 284 144
9 284 145
9 284 146
9 284 150
9 284 151
9 284 152
9 284 153
9 284 154
9 284 155
9 284 156
9 284 157
9 284 158
9 284 159
9 284 160
9 284 161
9 284 196
9 284 198
9 284 199
9 284 200
9 284 201
9 284 202
9 284 203
9 284 204
9 284 205
9 284 206
9 285 112
9 285 142
9 285 143
9 285 144
9 285 145
9 285 150
9 285 151
9 285 152
9 285 153
9 285 154
9 285 155
9 285 156
9 285 199
9 285 200
9 285 201
9 285 202
9 285 203
9 285 204
9 285 205
9 286 136
9 286 137
9 286 150
9 286 151
9 286 152
9 286 154
9 286 200
9 286 201
9 286 202
9 286 203
9 286 204
9 286 205
9 287 133
9 287 134
9 287 135
9 287 136
9 287 150
9 287 201
9 287 202
9 287 203
9 287 204
9 287 205
9 288 132
9 288 133
9 288 134
9 288 135
9 288 150
9 288 201
9 288 202
9 288 203
9 288 204
9 288 205
9 289 132
9 289 133
9 289 134
9 289 155
9 289 194
9 289 200
9 289 203
9 289 204
9 289 205
9 289 206
9 290 132
9 290 200
9 290 204
9 290 205
9 290 206
9 291 201
9 291 203
9 291 204
9 291 205
9 291 206
9 292 201
9 292 204
9 292 205
9 292 206
9 292 207
9 293 148
9 293 201
9 293 203
9 293 204
9 293 205
9 293 206
9 293 207
9 294 203
9 294 204
9 294 205
9 294 206
9 294 207
9 295 202
9 295 203
9 295 204
9 295 205
9 295 206
9 295 207
9 296 188
9 296 189
9 296 201
9 296 202
9 296 203
9 296 204
9 296 205
9 296 206
9 296 207
9 297 186
9 297 187
9 297 188
9 297 189
9 297 190
9 297 201
9 297 202
9 297 203
9 297 204
9 297 205
9 297 206
9 297 207
9 298 185
9 298 186
9 298 187
9 298 188
9 298 189
9 298 190
9 298 201
9 298 202
9 298 203
9 298 204
9 298 205
9 298 206
9 298 207
9 299 183
9 299 184
9 299 185
9 299 186
9 299 187
9 299 188
9 299 189
9 299 190
9 299 201
9 299 202
9 299 203
9 299 204
9 299 205
9 299 206
9 299 207
9 300 114
9 300 147
9 300 182
9 300 183
9 300 184
9 300 185
9 300 186
9 300 187
9 300 188
9 300 189
9 300 190
9 300 200
9 300 201
9 300 202
9 300 203
9 300 204
9 300 205
9 300 206
9 300 207
9 301 112
9 301 113
9 301 182
9 301 183
9 301 184
9 301 185
9 301 186
9 301 187
9 301 188
9 301 189
9 301 201
9 301 204
9 301 205
9 301 206
9 301 207
9 302 112
9 302 113
9 302 114
9 302 184
9 302 185
9 302 186
9 302 187
9 302 188
9 302 189
9 302 204
9 302 205
9 302 206
9 302 207
9 303 112
9 303 113
9 303 114
9 303 186
9 303 187
9 303 188
9 303 189
9 303 201
9 303 204
9 303 205
9 303 206
9 303 207
